[gd_scene load_steps=24 format=3 uid="uid://bdkh5n42abtlg"]

[ext_resource type="PackedScene" uid="uid://bf504syknspt3" path="res://programmerart/puter.tscn" id="1_5rndp"]
[ext_resource type="PackedScene" uid="uid://jyncanbkjjnq" path="res://player/player.tscn" id="1_lifw2"]
[ext_resource type="AudioStream" uid="uid://c5cr7irse0r5b" path="res://sound/shutter.mp3" id="2_5rndp"]
[ext_resource type="Texture2D" uid="uid://bncvkmvao7hnr" path="res://programmerart/film.png" id="2_mvm06"]
[ext_resource type="Script" uid="uid://d2prupksdovq7" path="res://ui.gd" id="4_vmuxp"]
[ext_resource type="PackedScene" uid="uid://bwdpj7t4c6bk2" path="res://environment/terrain_part_plane_17.tscn" id="5_0aefg"]
[ext_resource type="PackedScene" uid="uid://di8lg0v3mwd2g" path="res://programmerart/rig_test.tscn" id="5_bw3fi"]
[ext_resource type="PackedScene" uid="uid://3yihf34r5buc" path="res://environment/terrain_part_plane_18.tscn" id="6_v78i8"]
[ext_resource type="PackedScene" uid="uid://cu3c36c34hm2d" path="res://environment/terrain_part_ramp_1.tscn" id="7_6iyis"]
[ext_resource type="PackedScene" uid="uid://ded0c3eevtu0u" path="res://environment/terrain_part_plane_1.tscn" id="9_7fhox"]
[ext_resource type="PackedScene" uid="uid://8kmyj1g0xdpb" path="res://environment/terrain_part_plane_2.tscn" id="10_77xr6"]
[ext_resource type="PackedScene" uid="uid://c5rvvlx5vw02n" path="res://environment/terrain_part_plane_3.tscn" id="11_w7ivt"]
[ext_resource type="PackedScene" uid="uid://c3jqc0jg6ps3y" path="res://environment/terrain_part_plane_4.tscn" id="14_x23mu"]
[ext_resource type="PackedScene" uid="uid://dfapjim1y33ej" path="res://environment/terrain_part_plane_5.tscn" id="15_7b08a"]
[ext_resource type="PackedScene" uid="uid://du6qoof0lujfd" path="res://environment/mountain_1_lod_high.tscn" id="16_vmfs8"]
[ext_resource type="Material" uid="uid://dns7bivatfxtb" path="res://watershader.tres" id="17_0aefg"]
[ext_resource type="PackedScene" uid="uid://bpam2je0mdufy" path="res://environment/mountain_2_lod_high.tscn" id="17_3yfs4"]
[ext_resource type="PackedScene" uid="uid://dxevtlh1c8erd" path="res://rgsdev/Trees/pine_tree_1_autumn.tscn" id="18_77xr6"]
[ext_resource type="PackedScene" uid="uid://dd0ejk8x4t51r" path="res://rgsdev/Trees/oak_tree_autumn.tscn" id="19_w7ivt"]
[ext_resource type="PackedScene" uid="uid://2g7tgm6aop7d" path="res://rgsdev/Trees/broken_tree_autumn.tscn" id="20_x23mu"]
[ext_resource type="PackedScene" uid="uid://bsb3v5pqlcb8x" path="res://rgsdev/Trees/Willow_Tree_Autumn.fbx" id="21_7b08a"]

[sub_resource type="PlaneMesh" id="PlaneMesh_0aefg"]
subdivide_width = 10
subdivide_depth = 10

[sub_resource type="NoiseTexture2D" id="NoiseTexture2D_a0tk4"]
width = 95
height = 70

[node name="forest" type="Node3D"]

[node name="SubViewportContainer" type="SubViewportContainer" parent="."]
offset_right = 40.0
offset_bottom = 40.0

[node name="World" type="SubViewport" parent="SubViewportContainer"]
handle_input_locally = false
audio_listener_enable_3d = true
size = Vector2i(900, 600)
render_target_update_mode = 4

[node name="Player" parent="SubViewportContainer/World" instance=ExtResource("1_lifw2")]
transform = Transform3D(1, 0, 0, 0, 1, 0, 0, 0, 1, -75, 0.021829784, -96.904175)

[node name="Shutter" type="AudioStreamPlayer3D" parent="SubViewportContainer/World/Player"]
transform = Transform3D(1, 0, 0, 0, 1, 0, 0, 0, 1, 0, 1, 0)
stream = ExtResource("2_5rndp")
max_distance = 4096.0

[node name="Puter" parent="SubViewportContainer/World" instance=ExtResource("1_5rndp")]
transform = Transform3D(1, 0, 0, 0, 1, 0, 0, 0, 1, -72, 0.36386132, -100.92095)

[node name="DirectionalLight3D" type="DirectionalLight3D" parent="SubViewportContainer/World"]
transform = Transform3D(1, 0, 0, 0, 0.1569862, 0.9876008, 0, -0.9876008, 0.1569862, 3.8745143, 11.156533, 2.1968136)
light_energy = 4.395
light_indirect_energy = 8.051

[node name="DirectionalLight3D2" type="DirectionalLight3D" parent="SubViewportContainer/World"]
transform = Transform3D(1, 0, 0, 0, 0.9326517, 0.36077818, 0, -0.36077818, 0.9326517, 3.8745143, 11.156533, 2.1968136)
light_energy = 2.0
light_indirect_energy = 1.571

[node name="Critters" type="Node3D" parent="SubViewportContainer/World"]

[node name="rig test" parent="SubViewportContainer/World/Critters" instance=ExtResource("5_bw3fi")]
transform = Transform3D(2, 0, 0, 0, 2, 0, 0, 0, 2, -165.16205, 0.031028608, -105.65613)

[node name="rig test2" parent="SubViewportContainer/World/Critters" instance=ExtResource("5_bw3fi")]
transform = Transform3D(2, 0, 0, 0, 2, 0, 0, 0, 2, -62.824074, -2.3570757, -100.78181)

[node name="rig test3" parent="SubViewportContainer/World/Critters" instance=ExtResource("5_bw3fi")]
transform = Transform3D(2, 0, 0, 0, 2, 0, 0, 0, 2, -64.82407, -2.1725729, -111.78181)

[node name="Terrain" type="Node3D" parent="SubViewportContainer/World"]
transform = Transform3D(4, 0, 0, 0, 4, 0, 0, 0, 4, 0, 0, 0)

[node name="Terrain_Part_Plane_5" parent="SubViewportContainer/World/Terrain" instance=ExtResource("14_x23mu")]
transform = Transform3D(1, 0, 0, 0, 1, 0, 0, 0, 1, -40, 0, -20)

[node name="Terrain_Part_Plane_6" parent="SubViewportContainer/World/Terrain" instance=ExtResource("14_x23mu")]
transform = Transform3D(2, 0, 0, 0, 2, 0, 0, 0, 2, -60, 0, -20)

[node name="Terrain_Part_Plane_7" parent="SubViewportContainer/World/Terrain" instance=ExtResource("14_x23mu")]
transform = Transform3D(1, 0, 0, 0, 1, 0, 0, 0, 1, -80, 0, -20)

[node name="Terrain_Part_Plane_8" parent="SubViewportContainer/World/Terrain" instance=ExtResource("15_7b08a")]
transform = Transform3D(2, 0, 0, 0, 4, 0, 0, 0, 2, -50, 0, -45)

[node name="Terrain_Part_Plane_9" parent="SubViewportContainer/World/Terrain" instance=ExtResource("15_7b08a")]
transform = Transform3D(-4.371139e-08, 0, -1, 0, 3, 0, 1, 0, -4.371139e-08, -80, 0, -60)

[node name="Terrain_Part_Plane_10" parent="SubViewportContainer/World/Terrain" instance=ExtResource("15_7b08a")]
transform = Transform3D(1, 0, 0, 0, 1, 0, 0, 0, 1, -80, 0, -40)

[node name="Mountain_1_LOD_High" parent="SubViewportContainer/World/Terrain" instance=ExtResource("16_vmfs8")]
transform = Transform3D(1, 0, 0, 0, 1, 0, 0, 0, 1, -45, -40, -80)

[node name="Mountain_2_LOD_High" parent="SubViewportContainer/World/Terrain" instance=ExtResource("17_3yfs4")]
transform = Transform3D(2, 0, 0, 0, 1, 0, 0, 0, 1, -90, -75, -85)

[node name="Mountain_2_LOD_High2" parent="SubViewportContainer/World/Terrain" instance=ExtResource("17_3yfs4")]
transform = Transform3D(1, 0, 0, 0, 0.2, 0, 0, 0, 0.2, -60, -5, -100)

[node name="Terrain_Part_Plane_17" parent="SubViewportContainer/World/Terrain" instance=ExtResource("5_0aefg")]
transform = Transform3D(0.007596079, 0.08682409, 0.9961947, 0.08682408, 0.9924039, -0.08715574, -0.9961947, 0.08715573, -4.3545054e-08, -20, 0, -20)

[node name="Terrain_Part_Plane_18" parent="SubViewportContainer/World/Terrain" instance=ExtResource("5_0aefg")]
transform = Transform3D(-0.9961947, 0.087155744, 8.709011e-08, 0.08682408, 0.9924039, -0.08715574, -0.0075962096, -0.086824074, -0.9961947, -20, 0, -100)

[node name="Terrain_Part_Plane_19" parent="SubViewportContainer/World/Terrain" instance=ExtResource("5_0aefg")]
transform = Transform3D(-0.0075961663, -0.086824074, -0.9961947, 0.08682408, 0.9924039, -0.08715574, 0.9961947, -0.087155744, -4.3545054e-08, -100, 0, -100)

[node name="Terrain_Part_Plane_20" parent="SubViewportContainer/World/Terrain" instance=ExtResource("5_0aefg")]
transform = Transform3D(1, 0, 0, 0, 0.9961947, -0.08715574, 0, 0.08715574, 0.9961947, -100, 0, -20)

[node name="Terrain_Part_Plane_21" parent="SubViewportContainer/World/Terrain" instance=ExtResource("6_v78i8")]
transform = Transform3D(1, 0, 0, 0, 0.99619466, -0.08715573, 0, 0.08715573, 0.99619466, -20, 0, -20)

[node name="Terrain_Part_Plane_22" parent="SubViewportContainer/World/Terrain" instance=ExtResource("6_v78i8")]
transform = Transform3D(1, 0, 0, 0, 0.9961947, -0.08715574, 0, 0.08715574, 0.9961947, -40, 0, -20)

[node name="Terrain_Part_Plane_37" parent="SubViewportContainer/World/Terrain" instance=ExtResource("6_v78i8")]
transform = Transform3D(1, 0, 0, 0, 0.9961947, -0.08715574, 0, 0.08715574, 0.9961947, -40, 0, -20)

[node name="Terrain_Part_Plane_23" parent="SubViewportContainer/World/Terrain" instance=ExtResource("6_v78i8")]
transform = Transform3D(1, 0, 0, 0, 0.9961947, -0.08715574, 0, 0.08715574, 0.9961947, -80, 0, -20)

[node name="Terrain_Part_Plane_24" parent="SubViewportContainer/World/Terrain" instance=ExtResource("6_v78i8")]
transform = Transform3D(1, 0, 0, 0, 0.9961947, -0.08715574, 0, 0.08715574, 0.9961947, -60, 0, -20)

[node name="Terrain_Part_Plane_25" parent="SubViewportContainer/World/Terrain" instance=ExtResource("6_v78i8")]
transform = Transform3D(-1, 1.316015e-08, 1.5042122e-07, 0, 0.9961947, -0.08715574, -1.509958e-07, -0.08715574, -0.9961947, -40, 0, -100)

[node name="Terrain_Part_Plane_29" parent="SubViewportContainer/World/Terrain" instance=ExtResource("6_v78i8")]
transform = Transform3D(-4.371139e-08, 0, -1, 0, 1, 0, 1, 0, -4.371139e-08, -100, 0, -80)

[node name="Terrain_Part_Plane_30" parent="SubViewportContainer/World/Terrain" instance=ExtResource("6_v78i8")]
transform = Transform3D(-4.371139e-08, -0.08715574, -0.9961947, 0, 0.9961947, -0.08715574, 1, -3.8096983e-09, -4.3545054e-08, -100, 0, -60)

[node name="Terrain_Part_Plane_31" parent="SubViewportContainer/World/Terrain" instance=ExtResource("6_v78i8")]
transform = Transform3D(-4.371139e-08, -0.08715574, -0.9961947, 0, 0.9961947, -0.08715574, 1, -3.8096983e-09, -4.3545054e-08, -100, 0, -40)

[node name="Terrain_Part_Plane_32" parent="SubViewportContainer/World/Terrain" instance=ExtResource("6_v78i8")]
transform = Transform3D(-4.371139e-08, -0.08715574, -0.9961947, 0, 0.9961947, -0.08715574, 1, -3.8096983e-09, -4.3545054e-08, -100, 0, -20)

[node name="Terrain_Part_Plane_33" parent="SubViewportContainer/World/Terrain" instance=ExtResource("6_v78i8")]
transform = Transform3D(-4.371139e-08, 0.08715574, 0.9961947, 0, 0.9961947, -0.08715574, -1, -3.8096983e-09, -4.3545054e-08, -20, 0, -100)

[node name="Terrain_Part_Plane_34" parent="SubViewportContainer/World/Terrain" instance=ExtResource("6_v78i8")]
transform = Transform3D(-4.371139e-08, 0.08715574, 0.9961947, 0, 0.9961947, -0.08715574, -1, -3.8096983e-09, -4.3545054e-08, -20, 0, -80)

[node name="Terrain_Part_Plane_35" parent="SubViewportContainer/World/Terrain" instance=ExtResource("6_v78i8")]
transform = Transform3D(-4.371139e-08, 0.08715574, 0.9961947, 0, 0.9961947, -0.08715574, -1, -3.8096983e-09, -4.3545054e-08, -20, 0, -60)

[node name="Terrain_Part_Plane_36" parent="SubViewportContainer/World/Terrain" instance=ExtResource("6_v78i8")]
transform = Transform3D(-0.005692823, 0.08716214, 0.9961779, 0.0013628493, 0.99619377, -0.08715574, -0.9999829, 0.00086147815, -0.0057899435, -20, 0, -40)

[node name="Terrain_Part_Plane_26" parent="SubViewportContainer/World/Terrain" instance=ExtResource("6_v78i8")]
transform = Transform3D(-1, 1.316015e-08, 1.5042122e-07, 0, 0.9961947, -0.08715574, -1.509958e-07, -0.08715574, -0.9961947, -60, 0, -100)

[node name="Terrain_Part_Plane_27" parent="SubViewportContainer/World/Terrain" instance=ExtResource("6_v78i8")]
transform = Transform3D(-1, 1.316015e-08, 1.5042122e-07, 0, 0.9961947, -0.08715574, -1.509958e-07, -0.08715574, -0.9961947, -100, 0, -100)

[node name="Terrain_Part_Plane_28" parent="SubViewportContainer/World/Terrain" instance=ExtResource("6_v78i8")]
transform = Transform3D(-1, 1.316015e-08, 1.5042122e-07, 0, 0.9961947, -0.08715574, -1.509958e-07, -0.08715574, -0.9961947, -80, 0, -100)

[node name="Terrain_Part_Ramp_1" parent="SubViewportContainer/World/Terrain" instance=ExtResource("7_6iyis")]
transform = Transform3D(-1, 0, -1.509958e-07, 0, 1, 0, 1.509958e-07, 0, -1, -20, 0, -100)

[node name="Terrain_Part_Ramp_4" parent="SubViewportContainer/World/Terrain" instance=ExtResource("7_6iyis")]
transform = Transform3D(-1.6292068e-07, 0, 1, 0, 3, 0, -1, 0, -1.6292068e-07, -80, 0, -60)

[node name="Terrain_Part_Ramp_2" parent="SubViewportContainer/World/Terrain" instance=ExtResource("7_6iyis")]
transform = Transform3D(-1, 0, -1.509958e-07, 0, 1, 0, 1.509958e-07, 0, -1, -40, 3, -100)

[node name="Terrain_Part_Ramp_3" parent="SubViewportContainer/World/Terrain" instance=ExtResource("7_6iyis")]
transform = Transform3D(-1, 0, -1.509958e-07, 0, 1, 0, 1.509958e-07, 0, -1, -60, 6, -100)

[node name="Terrain_Part_Plane_1" parent="SubViewportContainer/World/Terrain" instance=ExtResource("9_7fhox")]
transform = Transform3D(1, 0, 0, 0, 1, 0, 0, 0, 1, -20, 0, -20)

[node name="Terrain_Part_Plane_2" parent="SubViewportContainer/World/Terrain" instance=ExtResource("10_77xr6")]
transform = Transform3D(1.5, 0, 0, 0, 1.5, 0, 0, 0, 1.5, -20, 0, -40)

[node name="Terrain_Part_Plane_4" parent="SubViewportContainer/World/Terrain" instance=ExtResource("10_77xr6")]
transform = Transform3D(3, 0, 0, 0, 2, 0, 0, 0, 1, -20, 0, -60)

[node name="Terrain_Part_Plane_3" parent="SubViewportContainer/World/Terrain" instance=ExtResource("11_w7ivt")]
transform = Transform3D(1, 0, 0, 0, 1, 0, 0, 0, 1, -40, 0, -40)

[node name="Waters" type="Node3D" parent="SubViewportContainer/World/Terrain"]

[node name="MeshInstance3D" type="MeshInstance3D" parent="SubViewportContainer/World/Terrain/Waters"]
transform = Transform3D(12.5, 0, 0, 0, 0.25, 0, 0, 0, 12.5, -32.5, -1.25, -1.25)
mesh = SubResource("PlaneMesh_0aefg")
skeleton = NodePath("../../../../..")
surface_material_override/0 = ExtResource("17_0aefg")

[node name="MeshInstance3D2" type="MeshInstance3D" parent="SubViewportContainer/World/Terrain/Waters"]
transform = Transform3D(12.5, 0, 0, 0, 0.25, 0, 0, 0, 12.5, -57.5, -1.25, -1.25)
mesh = SubResource("PlaneMesh_0aefg")
skeleton = NodePath("../../../../..")
surface_material_override/0 = ExtResource("17_0aefg")

[node name="MeshInstance3D3" type="MeshInstance3D" parent="SubViewportContainer/World/Terrain/Waters"]
transform = Transform3D(12.5, 0, 0, 0, 0.25, 0, 0, 0, 12.5, -82.5, -1.25, -1.25)
mesh = SubResource("PlaneMesh_0aefg")
skeleton = NodePath("../../../../..")
surface_material_override/0 = ExtResource("17_0aefg")

[node name="MeshInstance3D4" type="MeshInstance3D" parent="SubViewportContainer/World/Terrain/Waters"]
transform = Transform3D(12.5, 0, 0, 0, 0.25, 0, 0, 0, 12.5, -107.5, -1.25, -1.25)
mesh = SubResource("PlaneMesh_0aefg")
skeleton = NodePath("../../../../..")
surface_material_override/0 = ExtResource("17_0aefg")

[node name="MeshInstance3D5" type="MeshInstance3D" parent="SubViewportContainer/World/Terrain/Waters"]
transform = Transform3D(12.5, 0, 0, 0, 0.25, 0, 0, 0, 12.5, -32.5, -1.25, -1.25)
mesh = SubResource("PlaneMesh_0aefg")
skeleton = NodePath("../../../../..")
surface_material_override/0 = ExtResource("17_0aefg")

[node name="MeshInstance3D6" type="MeshInstance3D" parent="SubViewportContainer/World/Terrain/Waters"]
transform = Transform3D(12.5, 0, 0, 0, 0.25, 0, 0, 0, 12.5, -82.5, -1.25, -1.25)
mesh = SubResource("PlaneMesh_0aefg")
skeleton = NodePath("../../../../..")
surface_material_override/0 = ExtResource("17_0aefg")

[node name="MeshInstance3D8" type="MeshInstance3D" parent="SubViewportContainer/World/Terrain/Waters"]
transform = Transform3D(12.5, 0, 0, 0, 0.25, 0, 0, 0, 12.5, -57.5, -1.25, 23.75)
mesh = SubResource("PlaneMesh_0aefg")
skeleton = NodePath("../../../../..")
surface_material_override/0 = ExtResource("17_0aefg")

[node name="MeshInstance3D9" type="MeshInstance3D" parent="SubViewportContainer/World/Terrain/Waters"]
transform = Transform3D(12.5, 0, 0, 0, 0.25, 0, 0, 0, 12.5, -107.5, -1.25, 23.75)
mesh = SubResource("PlaneMesh_0aefg")
skeleton = NodePath("../../../../..")
surface_material_override/0 = ExtResource("17_0aefg")

[node name="MeshInstance3D10" type="MeshInstance3D" parent="SubViewportContainer/World/Terrain/Waters"]
transform = Transform3D(12.5, 0, 0, 0, 0.25, 0, 0, 0, 12.5, -32.5, -1.25, 23.75)
mesh = SubResource("PlaneMesh_0aefg")
skeleton = NodePath("../../../../..")
surface_material_override/0 = ExtResource("17_0aefg")

[node name="MeshInstance3D11" type="MeshInstance3D" parent="SubViewportContainer/World/Terrain/Waters"]
transform = Transform3D(12.5, 0, 0, 0, 0.25, 0, 0, 0, 12.5, -82.5, -1.25, 23.75)
mesh = SubResource("PlaneMesh_0aefg")
skeleton = NodePath("../../../../..")
surface_material_override/0 = ExtResource("17_0aefg")

[node name="MeshInstance3D7" type="MeshInstance3D" parent="SubViewportContainer/World/Terrain/Waters"]
transform = Transform3D(12.5, 0, 0, 0, 0.25, 0, 0, 0, 12.5, -107.5, -1.25, -1.25)
mesh = SubResource("PlaneMesh_0aefg")
skeleton = NodePath("../../../../..")
surface_material_override/0 = ExtResource("17_0aefg")

[node name="MeshInstance3D12" type="MeshInstance3D" parent="SubViewportContainer/World/Terrain/Waters"]
transform = Transform3D(12.5, 0, 0, 0, 0.25, 0, 0, 0, 12.5, -32.5, -1.25, -147.5)
mesh = SubResource("PlaneMesh_0aefg")
skeleton = NodePath("../../../../..")
surface_material_override/0 = ExtResource("17_0aefg")

[node name="MeshInstance3D13" type="MeshInstance3D" parent="SubViewportContainer/World/Terrain/Waters"]
transform = Transform3D(12.5, 0, 0, 0, 0.25, 0, 0, 0, 12.5, -57.5, -1.25, -147.5)
mesh = SubResource("PlaneMesh_0aefg")
skeleton = NodePath("../../../../..")
surface_material_override/0 = ExtResource("17_0aefg")

[node name="MeshInstance3D14" type="MeshInstance3D" parent="SubViewportContainer/World/Terrain/Waters"]
transform = Transform3D(12.5, 0, 0, 0, 0.25, 0, 0, 0, 12.5, -82.5, -1.25, -147.5)
mesh = SubResource("PlaneMesh_0aefg")
skeleton = NodePath("../../../../..")
surface_material_override/0 = ExtResource("17_0aefg")

[node name="MeshInstance3D15" type="MeshInstance3D" parent="SubViewportContainer/World/Terrain/Waters"]
transform = Transform3D(12.5, 0, 0, 0, 0.25, 0, 0, 0, 12.5, -107.5, -1.25, -147.5)
mesh = SubResource("PlaneMesh_0aefg")
skeleton = NodePath("../../../../..")
surface_material_override/0 = ExtResource("17_0aefg")

[node name="MeshInstance3D16" type="MeshInstance3D" parent="SubViewportContainer/World/Terrain/Waters"]
transform = Transform3D(12.5, 0, 0, 0, 0.25, 0, 0, 0, 12.5, -32.5, -1.25, -147.5)
mesh = SubResource("PlaneMesh_0aefg")
skeleton = NodePath("../../../../..")
surface_material_override/0 = ExtResource("17_0aefg")

[node name="MeshInstance3D17" type="MeshInstance3D" parent="SubViewportContainer/World/Terrain/Waters"]
transform = Transform3D(12.5, 0, 0, 0, 0.25, 0, 0, 0, 12.5, -82.5, -1.25, -147.5)
mesh = SubResource("PlaneMesh_0aefg")
skeleton = NodePath("../../../../..")
surface_material_override/0 = ExtResource("17_0aefg")

[node name="MeshInstance3D18" type="MeshInstance3D" parent="SubViewportContainer/World/Terrain/Waters"]
transform = Transform3D(12.5, 0, 0, 0, 0.25, 0, 0, 0, 12.5, -57.5, -1.25, -122.5)
mesh = SubResource("PlaneMesh_0aefg")
skeleton = NodePath("../../../../..")
surface_material_override/0 = ExtResource("17_0aefg")

[node name="MeshInstance3D19" type="MeshInstance3D" parent="SubViewportContainer/World/Terrain/Waters"]
transform = Transform3D(12.5, 0, 0, 0, 0.25, 0, 0, 0, 12.5, -107.5, -1.25, -122.5)
mesh = SubResource("PlaneMesh_0aefg")
skeleton = NodePath("../../../../..")
surface_material_override/0 = ExtResource("17_0aefg")

[node name="MeshInstance3D23" type="MeshInstance3D" parent="SubViewportContainer/World/Terrain/Waters"]
transform = Transform3D(12.5, 0, 0, 0, 0.25, 0, 0, 0, 12.5, 17.5, -1.25, -122.5)
mesh = SubResource("PlaneMesh_0aefg")
skeleton = NodePath("../../../../..")
surface_material_override/0 = ExtResource("17_0aefg")

[node name="MeshInstance3D24" type="MeshInstance3D" parent="SubViewportContainer/World/Terrain/Waters"]
transform = Transform3D(12.5, 0, 0, 0, 0.25, 0, 0, 0, 12.5, -7.5, -1.25, -122.5)
mesh = SubResource("PlaneMesh_0aefg")
skeleton = NodePath("../../../../..")
surface_material_override/0 = ExtResource("17_0aefg")

[node name="MeshInstance3D25" type="MeshInstance3D" parent="SubViewportContainer/World/Terrain/Waters"]
transform = Transform3D(12.5, 0, 0, 0, 0.25, 0, 0, 0, 12.5, 17.5, -1.25, -146.25)
mesh = SubResource("PlaneMesh_0aefg")
skeleton = NodePath("../../../../..")
surface_material_override/0 = ExtResource("17_0aefg")

[node name="MeshInstance3D26" type="MeshInstance3D" parent="SubViewportContainer/World/Terrain/Waters"]
transform = Transform3D(12.5, 0, 0, 0, 0.25, 0, 0, 0, 12.5, -7.5, -1.25, -146.25)
mesh = SubResource("PlaneMesh_0aefg")
skeleton = NodePath("../../../../..")
surface_material_override/0 = ExtResource("17_0aefg")

[node name="MeshInstance3D27" type="MeshInstance3D" parent="SubViewportContainer/World/Terrain/Waters"]
transform = Transform3D(12.5, 0, 0, 0, 0.25, 0, 0, 0, 12.5, 17.5, -1.25, -98.75)
mesh = SubResource("PlaneMesh_0aefg")
skeleton = NodePath("../../../../..")
surface_material_override/0 = ExtResource("17_0aefg")

[node name="MeshInstance3D28" type="MeshInstance3D" parent="SubViewportContainer/World/Terrain/Waters"]
transform = Transform3D(12.5, 0, 0, 0, 0.25, 0, 0, 0, 12.5, -7.5, -1.25, -98.75)
mesh = SubResource("PlaneMesh_0aefg")
skeleton = NodePath("../../../../..")
surface_material_override/0 = ExtResource("17_0aefg")

[node name="MeshInstance3D29" type="MeshInstance3D" parent="SubViewportContainer/World/Terrain/Waters"]
transform = Transform3D(12.5, 0, 0, 0, 0.25, 0, 0, 0, 12.5, 17.5, -1.25, -73.75)
mesh = SubResource("PlaneMesh_0aefg")
skeleton = NodePath("../../../../..")
surface_material_override/0 = ExtResource("17_0aefg")

[node name="MeshInstance3D30" type="MeshInstance3D" parent="SubViewportContainer/World/Terrain/Waters"]
transform = Transform3D(12.5, 0, 0, 0, 0.25, 0, 0, 0, 12.5, -7.5, -1.25, -73.75)
mesh = SubResource("PlaneMesh_0aefg")
skeleton = NodePath("../../../../..")
surface_material_override/0 = ExtResource("17_0aefg")

[node name="MeshInstance3D31" type="MeshInstance3D" parent="SubViewportContainer/World/Terrain/Waters"]
transform = Transform3D(12.5, 0, 0, 0, 0.25, 0, 0, 0, 12.5, 17.5, -1.25, -48.75)
mesh = SubResource("PlaneMesh_0aefg")
skeleton = NodePath("../../../../..")
surface_material_override/0 = ExtResource("17_0aefg")

[node name="MeshInstance3D32" type="MeshInstance3D" parent="SubViewportContainer/World/Terrain/Waters"]
transform = Transform3D(12.5, 0, 0, 0, 0.25, 0, 0, 0, 12.5, -7.5, -1.25, -48.75)
mesh = SubResource("PlaneMesh_0aefg")
skeleton = NodePath("../../../../..")
surface_material_override/0 = ExtResource("17_0aefg")

[node name="MeshInstance3D33" type="MeshInstance3D" parent="SubViewportContainer/World/Terrain/Waters"]
transform = Transform3D(12.5, 0, 0, 0, 0.25, 0, 0, 0, 12.5, 17.5, -1.25, -26.25)
mesh = SubResource("PlaneMesh_0aefg")
skeleton = NodePath("../../../../..")
surface_material_override/0 = ExtResource("17_0aefg")

[node name="MeshInstance3D34" type="MeshInstance3D" parent="SubViewportContainer/World/Terrain/Waters"]
transform = Transform3D(12.5, 0, 0, 0, 0.25, 0, 0, 0, 12.5, -7.5, -1.25, -26.25)
mesh = SubResource("PlaneMesh_0aefg")
skeleton = NodePath("../../../../..")
surface_material_override/0 = ExtResource("17_0aefg")

[node name="MeshInstance3D35" type="MeshInstance3D" parent="SubViewportContainer/World/Terrain/Waters"]
transform = Transform3D(12.5, 0, 0, 0, 0.25, 0, 0, 0, 12.5, 17.5, -1.25, -2.5)
mesh = SubResource("PlaneMesh_0aefg")
skeleton = NodePath("../../../../..")
surface_material_override/0 = ExtResource("17_0aefg")

[node name="MeshInstance3D36" type="MeshInstance3D" parent="SubViewportContainer/World/Terrain/Waters"]
transform = Transform3D(12.5, 0, 0, 0, 0.25, 0, 0, 0, 12.5, -7.5, -1.25, -2.5)
mesh = SubResource("PlaneMesh_0aefg")
skeleton = NodePath("../../../../..")
surface_material_override/0 = ExtResource("17_0aefg")

[node name="MeshInstance3D37" type="MeshInstance3D" parent="SubViewportContainer/World/Terrain/Waters"]
transform = Transform3D(12.5, 0, 0, 0, 0.25, 0, 0, 0, 12.5, 17.5, -1.25, 22.5)
mesh = SubResource("PlaneMesh_0aefg")
skeleton = NodePath("../../../../..")
surface_material_override/0 = ExtResource("17_0aefg")

[node name="MeshInstance3D38" type="MeshInstance3D" parent="SubViewportContainer/World/Terrain/Waters"]
transform = Transform3D(12.5, 0, 0, 0, 0.25, 0, 0, 0, 12.5, -7.5, -1.25, 22.5)
mesh = SubResource("PlaneMesh_0aefg")
skeleton = NodePath("../../../../..")
surface_material_override/0 = ExtResource("17_0aefg")

[node name="MeshInstance3D39" type="MeshInstance3D" parent="SubViewportContainer/World/Terrain/Waters"]
transform = Transform3D(12.5, 0, 0, 0, 0.25, 0, 0, 0, 12.5, -131.25, -1.25, 23.75)
mesh = SubResource("PlaneMesh_0aefg")
skeleton = NodePath("../../../../..")
surface_material_override/0 = ExtResource("17_0aefg")

[node name="MeshInstance3D40" type="MeshInstance3D" parent="SubViewportContainer/World/Terrain/Waters"]
transform = Transform3D(12.5, 0, 0, 0, 0.25, 0, 0, 0, 12.5, -156.25, -1.25, 23.75)
mesh = SubResource("PlaneMesh_0aefg")
skeleton = NodePath("../../../../..")
surface_material_override/0 = ExtResource("17_0aefg")

[node name="MeshInstance3D41" type="MeshInstance3D" parent="SubViewportContainer/World/Terrain/Waters"]
transform = Transform3D(12.5, 0, 0, 0, 0.25, 0, 0, 0, 12.5, -131.25, -1.25, -1.25)
mesh = SubResource("PlaneMesh_0aefg")
skeleton = NodePath("../../../../..")
surface_material_override/0 = ExtResource("17_0aefg")

[node name="MeshInstance3D42" type="MeshInstance3D" parent="SubViewportContainer/World/Terrain/Waters"]
transform = Transform3D(12.5, 0, 0, 0, 0.25, 0, 0, 0, 12.5, -156.25, -1.25, -1.25)
mesh = SubResource("PlaneMesh_0aefg")
skeleton = NodePath("../../../../..")
surface_material_override/0 = ExtResource("17_0aefg")

[node name="MeshInstance3D43" type="MeshInstance3D" parent="SubViewportContainer/World/Terrain/Waters"]
transform = Transform3D(12.5, 0, 0, 0, 0.25, 0, 0, 0, 12.5, -131.25, -1.25, -26.25)
mesh = SubResource("PlaneMesh_0aefg")
skeleton = NodePath("../../../../..")
surface_material_override/0 = ExtResource("17_0aefg")

[node name="MeshInstance3D44" type="MeshInstance3D" parent="SubViewportContainer/World/Terrain/Waters"]
transform = Transform3D(12.5, 0, 0, 0, 0.25, 0, 0, 0, 12.5, -156.25, -1.25, -26.25)
mesh = SubResource("PlaneMesh_0aefg")
skeleton = NodePath("../../../../..")
surface_material_override/0 = ExtResource("17_0aefg")

[node name="MeshInstance3D45" type="MeshInstance3D" parent="SubViewportContainer/World/Terrain/Waters"]
transform = Transform3D(12.5, 0, 0, 0, 0.25, 0, 0, 0, 12.5, -131.25, -1.25, -51.25)
mesh = SubResource("PlaneMesh_0aefg")
skeleton = NodePath("../../../../..")
surface_material_override/0 = ExtResource("17_0aefg")

[node name="MeshInstance3D46" type="MeshInstance3D" parent="SubViewportContainer/World/Terrain/Waters"]
transform = Transform3D(12.5, 0, 0, 0, 0.25, 0, 0, 0, 12.5, -156.25, -1.25, -51.25)
mesh = SubResource("PlaneMesh_0aefg")
skeleton = NodePath("../../../../..")
surface_material_override/0 = ExtResource("17_0aefg")

[node name="MeshInstance3D47" type="MeshInstance3D" parent="SubViewportContainer/World/Terrain/Waters"]
transform = Transform3D(12.5, 0, 0, 0, 0.25, 0, 0, 0, 12.5, -131.25, -1.25, -76.25)
mesh = SubResource("PlaneMesh_0aefg")
skeleton = NodePath("../../../../..")
surface_material_override/0 = ExtResource("17_0aefg")

[node name="MeshInstance3D48" type="MeshInstance3D" parent="SubViewportContainer/World/Terrain/Waters"]
transform = Transform3D(12.5, 0, 0, 0, 0.25, 0, 0, 0, 12.5, -156.25, -1.25, -76.25)
mesh = SubResource("PlaneMesh_0aefg")
skeleton = NodePath("../../../../..")
surface_material_override/0 = ExtResource("17_0aefg")

[node name="MeshInstance3D49" type="MeshInstance3D" parent="SubViewportContainer/World/Terrain/Waters"]
transform = Transform3D(12.5, 0, 0, 0, 0.25, 0, 0, 0, 12.5, -131.25, -1.25, -101.25)
mesh = SubResource("PlaneMesh_0aefg")
skeleton = NodePath("../../../../..")
surface_material_override/0 = ExtResource("17_0aefg")

[node name="MeshInstance3D50" type="MeshInstance3D" parent="SubViewportContainer/World/Terrain/Waters"]
transform = Transform3D(12.5, 0, 0, 0, 0.25, 0, 0, 0, 12.5, -156.25, -1.25, -101.25)
mesh = SubResource("PlaneMesh_0aefg")
skeleton = NodePath("../../../../..")
surface_material_override/0 = ExtResource("17_0aefg")

[node name="MeshInstance3D51" type="MeshInstance3D" parent="SubViewportContainer/World/Terrain/Waters"]
transform = Transform3D(12.5, 0, 0, 0, 0.25, 0, 0, 0, 12.5, -131.25, -1.25, -126.25)
mesh = SubResource("PlaneMesh_0aefg")
skeleton = NodePath("../../../../..")
surface_material_override/0 = ExtResource("17_0aefg")

[node name="MeshInstance3D52" type="MeshInstance3D" parent="SubViewportContainer/World/Terrain/Waters"]
transform = Transform3D(12.5, 0, 0, 0, 0.25, 0, 0, 0, 12.5, -156.25, -1.25, -126.25)
mesh = SubResource("PlaneMesh_0aefg")
skeleton = NodePath("../../../../..")
surface_material_override/0 = ExtResource("17_0aefg")

[node name="MeshInstance3D53" type="MeshInstance3D" parent="SubViewportContainer/World/Terrain/Waters"]
transform = Transform3D(12.5, 0, 0, 0, 0.25, 0, 0, 0, 12.5, -131.25, -1.25, -150)
mesh = SubResource("PlaneMesh_0aefg")
skeleton = NodePath("../../../../..")
surface_material_override/0 = ExtResource("17_0aefg")

[node name="MeshInstance3D54" type="MeshInstance3D" parent="SubViewportContainer/World/Terrain/Waters"]
transform = Transform3D(12.5, 0, 0, 0, 0.25, 0, 0, 0, 12.5, -156.25, -1.25, -150)
mesh = SubResource("PlaneMesh_0aefg")
skeleton = NodePath("../../../../..")
surface_material_override/0 = ExtResource("17_0aefg")

[node name="MeshInstance3D55" type="MeshInstance3D" parent="SubViewportContainer/World/Terrain/Waters"]
transform = Transform3D(12.5, 0, 0, 0, 0.25, 0, 0, 0, 12.5, -131.25, -1.25, -150)
mesh = SubResource("PlaneMesh_0aefg")
skeleton = NodePath("../../../../..")
surface_material_override/0 = ExtResource("17_0aefg")

[node name="MeshInstance3D56" type="MeshInstance3D" parent="SubViewportContainer/World/Terrain/Waters"]
transform = Transform3D(12.5, 0, 0, 0, 0.25, 0, 0, 0, 12.5, -156.25, -1.25, -150)
mesh = SubResource("PlaneMesh_0aefg")
skeleton = NodePath("../../../../..")
surface_material_override/0 = ExtResource("17_0aefg")

[node name="MeshInstance3D20" type="MeshInstance3D" parent="SubViewportContainer/World/Terrain/Waters"]
transform = Transform3D(12.5, 0, 0, 0, 0.25, 0, 0, 0, 12.5, -32.5, -1.25, -122.5)
mesh = SubResource("PlaneMesh_0aefg")
skeleton = NodePath("../../../../..")
surface_material_override/0 = ExtResource("17_0aefg")

[node name="MeshInstance3D21" type="MeshInstance3D" parent="SubViewportContainer/World/Terrain/Waters"]
transform = Transform3D(12.5, 0, 0, 0, 0.25, 0, 0, 0, 12.5, -82.5, -1.25, -122.5)
mesh = SubResource("PlaneMesh_0aefg")
skeleton = NodePath("../../../../..")
surface_material_override/0 = ExtResource("17_0aefg")

[node name="MeshInstance3D22" type="MeshInstance3D" parent="SubViewportContainer/World/Terrain/Waters"]
transform = Transform3D(12.5, 0, 0, 0, 0.25, 0, 0, 0, 12.5, -107.5, -1.25, -147.5)
mesh = SubResource("PlaneMesh_0aefg")
skeleton = NodePath("../../../../..")
surface_material_override/0 = ExtResource("17_0aefg")

[node name="Foliage" type="Node3D" parent="SubViewportContainer/World"]

[node name="Pine_Tree_1_Autumn" parent="SubViewportContainer/World/Foliage" instance=ExtResource("18_77xr6")]
transform = Transform3D(0.45399052, 0, -0.8910065, 0, 1, 0, 0.8910065, 0, 0.45399052, -132.80954, 0.07999375, -133.77182)

[node name="Oak_Tree_Autumn" parent="SubViewportContainer/World/Foliage" instance=ExtResource("19_w7ivt")]
transform = Transform3D(0.45399052, 0, -0.8910065, 0, 1, 0, 0.8910065, 0, 0.45399052, -128.00461, 0.16999403, -138.75253)

[node name="Broken_Tree_Autumn" parent="SubViewportContainer/World/Foliage" instance=ExtResource("20_x23mu")]
transform = Transform3D(0.45399052, 0, -0.8910065, 0, 1, 0, 0.8910065, 0, 0.45399052, -129.73476, 0.14999394, -132.06683)

[node name="Willow_Tree_Autumn" parent="SubViewportContainer/World/Foliage" instance=ExtResource("21_7b08a")]
transform = Transform3D(0.45399052, 0, -0.8910065, 0, 1, 0, 0.8910065, 0, 0.45399052, -138.13458, 0.13644248, -136.09515)

[node name="Pine_Tree_1_Autumn2" parent="SubViewportContainer/World/Foliage" instance=ExtResource("18_77xr6")]
transform = Transform3D(0.4539905, 0, -0.89100647, 0, 1, 0, 0.89100647, 0, 0.4539905, -131.7642, 0.07999472, -126.32954)

[node name="Oak_Tree_Autumn2" parent="SubViewportContainer/World/Foliage" instance=ExtResource("19_w7ivt")]
transform = Transform3D(0.4539905, 0, -0.89100647, 0, 1, 0, 0.89100647, 0, 0.4539905, -135.71101, 0.16999619, -120.64467)

[node name="Broken_Tree_Autumn2" parent="SubViewportContainer/World/Foliage" instance=ExtResource("20_x23mu")]
transform = Transform3D(0.4539905, 0, -0.89100647, 0, 1, 0, 0.89100647, 0, 0.4539905, -135.07204, 0.14999448, -127.52099)

[node name="Willow_Tree_Autumn2" parent="SubViewportContainer/World/Foliage" instance=ExtResource("21_7b08a")]
transform = Transform3D(0.4539905, 0, -0.89100647, 0, 1, 0, 0.89100647, 0, 0.4539905, -126.13621, 0.13644382, -124.88746)

[node name="Pine_Tree_1_Autumn3" parent="SubViewportContainer/World/Foliage" instance=ExtResource("18_77xr6")]
transform = Transform3D(0.45399052, 0, -0.8910065, 0, 1, 0, 0.8910065, 0, 0.45399052, -121.85853, 0.07999474, -125.45367)

[node name="Oak_Tree_Autumn3" parent="SubViewportContainer/World/Foliage" instance=ExtResource("19_w7ivt")]
transform = Transform3D(0.45399052, 0, -0.8910065, 0, 1, 0, 0.8910065, 0, 0.45399052, -117.0536, 0.16999511, -130.43439)

[node name="Broken_Tree_Autumn3" parent="SubViewportContainer/World/Foliage" instance=ExtResource("20_x23mu")]
transform = Transform3D(0.45399052, 0, -0.8910065, 0, 1, 0, 0.8910065, 0, 0.45399052, -118.783745, 0.14999494, -123.74868)

[node name="Willow_Tree_Autumn3" parent="SubViewportContainer/World/Foliage" instance=ExtResource("21_7b08a")]
transform = Transform3D(0.45399052, 0, -0.8910065, 0, 1, 0, 0.8910065, 0, 0.45399052, -127.18357, 0.13644348, -127.777)

[node name="Pine_Tree_1_Autumn4" parent="SubViewportContainer/World/Foliage" instance=ExtResource("18_77xr6")]
transform = Transform3D(0.4539905, 0, -0.89100647, 0, 1, 0, 0.89100647, 0, 0.4539905, -120.813194, 0.07999553, -118.01139)

[node name="Oak_Tree_Autumn4" parent="SubViewportContainer/World/Foliage" instance=ExtResource("19_w7ivt")]
transform = Transform3D(0.4539905, 0, -0.89100647, 0, 1, 0, 0.89100647, 0, 0.4539905, -124.76, 0.16999727, -112.326515)

[node name="Broken_Tree_Autumn4" parent="SubViewportContainer/World/Foliage" instance=ExtResource("20_x23mu")]
transform = Transform3D(0.4539905, 0, -0.89100647, 0, 1, 0, 0.89100647, 0, 0.4539905, -124.121025, 0.14999548, -119.20283)

[node name="Willow_Tree_Autumn4" parent="SubViewportContainer/World/Foliage" instance=ExtResource("21_7b08a")]
transform = Transform3D(0.4539905, 0, -0.89100647, 0, 1, 0, 0.89100647, 0, 0.4539905, -115.185196, 0.1364448, -116.56931)

[node name="Pine_Tree_1_Autumn5" parent="SubViewportContainer/World/Foliage" instance=ExtResource("18_77xr6")]
transform = Transform3D(0.45399052, 0, -0.8910065, 0, 1, 0, 0.8910065, 0, 0.45399052, -119.410324, 0.079990715, -159.22223)

[node name="Oak_Tree_Autumn5" parent="SubViewportContainer/World/Foliage" instance=ExtResource("19_w7ivt")]
transform = Transform3D(0.45399052, 0, -0.8910065, 0, 1, 0, 0.8910065, 0, 0.45399052, -114.60539, 0.1674445, -164.20294)

[node name="Broken_Tree_Autumn5" parent="SubViewportContainer/World/Foliage" instance=ExtResource("20_x23mu")]
transform = Transform3D(0.45399052, 0, -0.8910065, 0, 1, 0, 0.8910065, 0, 0.45399052, -116.33554, 0.1499909, -157.51724)

[node name="Willow_Tree_Autumn5" parent="SubViewportContainer/World/Foliage" instance=ExtResource("21_7b08a")]
transform = Transform3D(0.45399052, 0, -0.8910065, 0, 1, 0, 0.8910065, 0, 0.45399052, -124.73537, 0.13644892, -161.54556)

[node name="Pine_Tree_1_Autumn6" parent="SubViewportContainer/World/Foliage" instance=ExtResource("18_77xr6")]
transform = Transform3D(0.4539905, 0, -0.89100647, 0, 1, 0, 0.89100647, 0, 0.4539905, -118.36499, 0.0799916, -151.77995)

[node name="Oak_Tree_Autumn6" parent="SubViewportContainer/World/Foliage" instance=ExtResource("19_w7ivt")]
transform = Transform3D(0.4539905, 0, -0.89100647, 0, 1, 0, 0.89100647, 0, 0.4539905, -122.3118, 0.16999325, -146.0951)

[node name="Broken_Tree_Autumn6" parent="SubViewportContainer/World/Foliage" instance=ExtResource("20_x23mu")]
transform = Transform3D(0.4539905, 0, -0.89100647, 0, 1, 0, 0.89100647, 0, 0.4539905, -121.67282, 0.14999154, -152.9714)

[node name="Willow_Tree_Autumn6" parent="SubViewportContainer/World/Foliage" instance=ExtResource("21_7b08a")]
transform = Transform3D(0.4539905, 0, -0.89100647, 0, 1, 0, 0.89100647, 0, 0.4539905, -112.73699, 0.13644078, -150.33788)

[node name="Pine_Tree_1_Autumn7" parent="SubViewportContainer/World/Foliage" instance=ExtResource("18_77xr6")]
transform = Transform3D(0.45399052, 0, -0.8910065, 0, 1, 0, 0.8910065, 0, 0.45399052, -108.45931, 0.07999161, -150.90408)

[node name="Oak_Tree_Autumn7" parent="SubViewportContainer/World/Foliage" instance=ExtResource("19_w7ivt")]
transform = Transform3D(0.45399052, 0, -0.8910065, 0, 1, 0, 0.8910065, 0, 0.45399052, -103.65438, 0.16999198, -155.8848)

[node name="Broken_Tree_Autumn7" parent="SubViewportContainer/World/Foliage" instance=ExtResource("20_x23mu")]
transform = Transform3D(0.45399052, 0, -0.8910065, 0, 1, 0, 0.8910065, 0, 0.45399052, -105.38453, 0.1499919, -149.1991)

[node name="Willow_Tree_Autumn7" parent="SubViewportContainer/World/Foliage" instance=ExtResource("21_7b08a")]
transform = Transform3D(0.45399052, 0, -0.8910065, 0, 1, 0, 0.8910065, 0, 0.45399052, -113.784355, 0.13644044, -153.22742)

[node name="Pine_Tree_1_Autumn8" parent="SubViewportContainer/World/Foliage" instance=ExtResource("18_77xr6")]
transform = Transform3D(0.4539905, 0, -0.89100647, 0, 1, 0, 0.89100647, 0, 0.4539905, -107.41398, 0.079992495, -143.4618)

[node name="Oak_Tree_Autumn8" parent="SubViewportContainer/World/Foliage" instance=ExtResource("19_w7ivt")]
transform = Transform3D(0.4539905, 0, -0.89100647, 0, 1, 0, 0.89100647, 0, 0.4539905, -111.36079, 0.16999415, -137.77693)

[node name="Broken_Tree_Autumn8" parent="SubViewportContainer/World/Foliage" instance=ExtResource("20_x23mu")]
transform = Transform3D(0.4539905, 0, -0.89100647, 0, 1, 0, 0.89100647, 0, 0.4539905, -110.72181, 0.14999244, -144.65324)

[node name="Willow_Tree_Autumn8" parent="SubViewportContainer/World/Foliage" instance=ExtResource("21_7b08a")]
transform = Transform3D(0.4539905, 0, -0.89100647, 0, 1, 0, 0.89100647, 0, 0.4539905, -101.78598, 0.13644178, -142.01973)

[node name="Pine_Tree_1_Autumn9" parent="SubViewportContainer/World/Foliage" instance=ExtResource("18_77xr6")]
transform = Transform3D(0.45399052, 0, -0.8910065, 0, 1, 0, 0.8910065, 0, 0.45399052, -105.315186, 0.07999567, -117.62479)

[node name="Oak_Tree_Autumn9" parent="SubViewportContainer/World/Foliage" instance=ExtResource("19_w7ivt")]
transform = Transform3D(0.45399052, 0, -0.8910065, 0, 1, 0, 0.8910065, 0, 0.45399052, -100.510254, 0.16999605, -122.6055)

[node name="Broken_Tree_Autumn9" parent="SubViewportContainer/World/Foliage" instance=ExtResource("20_x23mu")]
transform = Transform3D(0.45399052, 0, -0.8910065, 0, 1, 0, 0.8910065, 0, 0.45399052, -102.2404, 0.14999586, -115.9198)

[node name="Willow_Tree_Autumn9" parent="SubViewportContainer/World/Foliage" instance=ExtResource("21_7b08a")]
transform = Transform3D(0.45399052, 0, -0.8910065, 0, 1, 0, 0.8910065, 0, 0.45399052, -110.64023, 0.1364444, -119.94812)

[node name="Pine_Tree_1_Autumn10" parent="SubViewportContainer/World/Foliage" instance=ExtResource("18_77xr6")]
transform = Transform3D(0.4539905, 0, -0.89100647, 0, 1, 0, 0.89100647, 0, 0.4539905, -104.26985, 0.07999647, -110.18251)

[node name="Oak_Tree_Autumn10" parent="SubViewportContainer/World/Foliage" instance=ExtResource("19_w7ivt")]
transform = Transform3D(0.4539905, 0, -0.89100647, 0, 1, 0, 0.89100647, 0, 0.4539905, -108.21666, 0.16999811, -104.49765)

[node name="Broken_Tree_Autumn10" parent="SubViewportContainer/World/Foliage" instance=ExtResource("20_x23mu")]
